-1.616858643273 2.225640956184 -3.672072496476 -0.781988598761 -0.516809494206 4.594576996219 -0.678995048871 -3.414873359061 -0.222349539249 -1.187907899016 
-2.054370728799 -1.196130793400 1.524602654157 -1.464021905213 -3.790669988796 -2.006826726687 4.175893212076 1.775118115465 0.781250628376 4.820054490882 
-4.556912615044 -2.036691404616 0.384850246240 1.348082609483 -4.870516593340 -2.665727708355 -2.510951082360 -3.453963505586 3.131679070684 2.975908864197 
2.828946490618 -0.099633719340 -1.822932512632 -0.645489771138 2.680266876546 -4.294778856080 3.233635157180 -2.375223713299 -0.780545921741 4.128335957838 
-1.452600897138 -1.322473740365 -0.197178725051 -4.788981100017 -1.112530149922 -1.675886273113 1.643707298854 -4.164180301556 1.083590477620 2.058505396294 
-1.876439324143 -1.681409671938 -4.574286752894 1.282803174385 -3.035115971375 -2.968469616848 -1.707596053805 2.186348990339 4.694656013684 -0.588387525784 
2.844866880373 -4.590665710505 2.109235249381 -3.996910690859 -4.037381435782 -1.789476077431 4.385063759099 3.497334332162 1.008996564655 -1.795209666376 
1.476002186864 3.723768550937 -2.873547887648 4.143257097758 1.521869036546 -2.136045936052 1.894630643511 -2.725046971553 0.004918571999 -2.474984871600 
-2.955921870754 -4.574520539691 -3.888440088684 -2.127377113097 -1.604246819586 -3.411308130001 -4.145349076804 0.376584469485 -4.342153340183 -3.157883323040 
3.695197918591 0.074962533888 2.699699939227 -4.619698716816 4.827532656582 0.919895226847 -2.154542496294 -2.196657906504 0.302068851781 1.700757265060 
